37
382
507
969
181
434
43
397
317
930
8
481
572
330
740
763
337
237
780
395
524
269
539
996
938
642
444
866
495
710
391
393
712
873
155
479
447
553
422
827
914
69
97
437
653
537
168
335
95
804
696
237
155
672
377
417
601
450
6
658
836
835
906
270
620
246
654
486
295
851
17
281
491
83
415
459
816
749
925
295
564
912
115
331
734
642
826
619
231
345
97
793
294
336
571
91
59
948
315
101
510
632
875
41
97
717
529
196
147
662
563
714
574
187
52
909
308
620
831
730
406
560
140
421
140
126
145
695
700
549
931
516
476
167
837
546
530
763
487
534
103
99
123
897
711
371
4
356
597
12
592
575
380
215
736
240
712
781
717
850
966
735
629
468
410
770
230
468
808
133
675
211
437
230
436
75
238
329
803
294
849
962
868
369
395
318
356
489
481
221
94
717
499
779
714
772
126
183
943
872
626
627
650
507
267
885
824
872
635
277
920
430
144
120
140
24
905
460
881
721
447
262
413
686
154
376
129
484
506
191
120
516
431
164
615
476
779
937
164
913
366
86
539
241
698
868
447
381
48
355
831
799
978
295
530
544
699
272
459
813
796
546
160
323
585
17
175
792
523
225
362
908
575
214
182
57
255
327
854
743
943
601
133
899
274
145
860
768
422
401
464
902
542
967
23
906
199
346
813
367
581
95
578
340
390
235
543
213
927
890
681
270
926
151
356
973
368
140
843
0
291
748
543
815
887
752
927
811
833
663
951
959
936
393
996
542
619
846
726
661
658
378
271
123
781
76
243
54
122
880
408
575
491
721
969
857
342
323
341
277
495
832
117
874
867
169
590
84
590
863
708
594
224
426
528
620
508
570
875
717
1
164
275
525
420
544
421
643
949
449
532
937
409
604
248
191
488
741
827
693
8
222
872
283
2
632
309
244
323
175
811
82
301
66
723
43
159
865
755
101
883
330
786
886
551
852
456
607
510
701
497
25
631
746
11
81
662
334
334
400
890
325
180
582
383
160
753
480
76
379
701
471
384
437
183
380
41
801
492
289
477
307
345
665
596
76
557
114
14
834
506
730
89
802
590
496
973
455
156
653
916
975
393
538
756
444
524
603
983
560
445
557
533
389
210
892
560
740
349
56
928
245
58
729
16
278
216
576
633
767
749
536
405
589
375
629
207
829
169
436
233
828
418
203
886
213
652
378
857
154
868
659
110
110
477
357
983
779
946
191
218
880
908
803
793
581
296
385
705
273
269
686
328
956
548
100
344
313
793
28
809
854
1
217
94
479
44
39
751
679
773
20
719
545
192
53
935
895
516
293
354
424
465
321
714
647
683
199
779
194
239
137
647
192
509
340
18
670
295
54
294
244
865
983
426
555
794
279
510
362
498
313
555
738
420
6
896
958
78
997
200
399
158
929
890
711
559
947
849
204
21
682
38
856
29
617
762
902
89
472
40
399
115
789
842
103
591
564
523
833
325
996
141
906
207
93
204
236
264
967
619
641
342
596
157
252
714
233
679
82
14
712
868
310
646
74
48
678
457
51
226
800
497
86
739
729
602
476
4
783
72
943
496
741
100
163
741
55
544
455
497
863
296
616
482
287
12
599
838
128
523
148
852
811
2
395
267
853
46
86
386
720
606
195
176
536
156
143
861
243
246
219
368
213
920
119
354
106
540
804
10
85
781
230
931
401
655
129
755
998
35
627
430
231
131
587
491
257
705
529
804
142
492
6
276
603
125
693
404
431
199
746
126
917
782
601
742
691
449
42
373
388
91
500
896
691
86
296
801
177
889
472
308
737
827
607
805
10
944
898
768
509
597
256
416
264
102
262
244
993
248
734
120
751
523
496
64
525
16
577
138
304
948
284
556
828
435
359
371
146
201
527
798
13
517
710
874
733
343
372
383
899
91
43
59
782
366
640
126
581
408
463
526
846
843
742
252
407
675
908
686
459
439
299
62
199
615
565
627
437
590
555
550
961
890
659
624
450
978
346
490
59
623
296
125
51
557
12
244
746
548
216
366
669
763
95
576
675
956
819
867
456
494
291
353
778
198
45
774
691
207
961
781
975
661
735
696
134
636
496
132
308
694
787
556
927
68
489
805
936
244
251
850
910
957
829
80
607
743
514
141
409
694
754
837
304
929
209
293
817
877
450
196
374
392
668
998
194
739
451
963
832
591
482
735
887
675
272
308
521
660
617
349
84
103
463
715
304
11
0
342
786
339
361
932
344
98
755
806
862
183
949
715
865
515
682
212
674
601
725
